0.046371 -0.000302 0.000000 0.000000 -0.056634 0.029778
0.103140 0.003530 0.000000 0.000000 -0.116583 0.054115
-0.090524 -0.002350 0.000000 0.000000 -0.027848 0.024696
0.033098 -0.005568 0.000000 0.000000 0.073439 -0.001652
-0.005059 0.017265 0.000000 0.000000 0.053231 -0.082501
-0.080701 -0.017278 0.000000 0.000000 0.101601 -0.032913
-0.089193 0.016546 0.000000 0.000000 -0.124127 0.061134
0.022528 0.042783 0.000000 0.000000 -0.085596 0.082584
0.065943 -0.138592 0.000000 0.000000 0.018520 -0.068486
0.267280 0.040037 0.000000 0.000000 0.241666 0.096401
-0.180669 -0.063546 0.000000 0.000000 -0.171135 0.185630
0.181273 -0.020262 0.000000 0.000000 0.162687 0.020485
-0.328446 0.098178 0.000000 0.000000 -0.145435 -0.073182
0.314026 0.036800 0.000000 0.000000 0.183893 -0.022944
-0.121985 0.151997 0.000000 0.000000 0.072071 0.080460
0.021479 0.089748 0.000000 0.000000 -0.017072 -0.275891
-0.252773 0.073498 0.000000 0.000000 -0.004169 0.253533
-0.212885 -0.098090 0.000000 0.000000 -0.194719 0.200809
0.262642 -0.229716 0.000000 0.000000 -0.112104 -0.131594
-0.328385 -0.130420 0.000000 0.000000 -0.145492 -0.096441
0.080303 -0.541601 0.000000 0.000000 -0.336086 -0.079116
0.286055 -0.073502 0.000000 0.000000 0.279204 0.273906
0.239289 0.320527 0.000000 0.000000 -0.373749 -0.408429
-0.022181 0.598072 0.000000 0.000000 -0.082081 0.117289
-0.132245 -0.152123 0.000000 0.000000 0.279412 0.006920
0.005465 -0.000916 0.000000 0.000000 -0.049516 0.526779
-0.054479 0.060474 0.000000 0.000000 0.057369 -0.000634
-0.370523 -0.047125 0.000000 0.000000 0.502976 -0.395549
0.029249 0.174616 0.000000 0.000000 -0.020825 0.030824
0.018867 0.125885 0.000000 0.000000 0.008006 -0.073164
0.088753 -0.000666 0.000000 0.000000 -0.139727 -0.074418
0.009540 -0.001748 0.000000 0.000000 -0.000918 -0.016715
0.005035 0.057168 0.000000 0.000000 -0.008253 -0.004965
-0.019524 -0.066114 0.000000 0.000000 -0.008137 0.008352
-0.007687 0.031907 0.000000 0.000000 -0.005653 -0.012924
-0.006613 0.030005 0.000000 0.000000 0.003286 0.001912
-0.015440 -0.007815 0.000000 0.000000 0.012081 -0.011298
-0.003130 -0.027966 0.000000 0.000000 0.002774 0.010617
0.004524 0.001791 0.000000 0.000000 -0.004183 0.007776
0.001420 -0.004435 0.000000 0.000000 0.001796 0.000328
-0.001227 -0.008418 0.000000 0.000000 0.000432 0.002162
-0.000085 0.003487 0.000000 0.000000 -0.000671 -0.004177
0.002570 0.002595 0.000000 0.000000 -0.003663 0.002115
-0.000088 0.001266 0.000000 0.000000 0.000575 0.000492
-0.000000 -0.000000 0.000000 0.000000 -0.000000 -0.000000
0.000000 0.000000 0.000000 0.000000 0.000000 0.000000
-0.000000 0.000000 0.000000 0.000000 0.000000 0.000000
-0.000000 -0.000000 0.000000 0.000000 0.000000 0.000000
0.000000 0.000000 1.000000 0.000000 0.000000 0.000000
0.000000 0.000000 0.000000 1.000000 0.000000 0.000000
